K:[[1.21322120e+03 0.00000000e+00 7.37396926e+02]
 [0.00000000e+00 1.21452024e+03 6.06589058e+02]
 [0.00000000e+00 0.00000000e+00 1.00000000e+00]]

dist:[[-0.22063592  0.13135687  0.00772612 -0.00375838 -0.04256108]]

img:data/exter_calibration/camera_3.jpg

markers:[(0, 659.125, 582.875), (1, 697.875, 549.875), (2, 735.0, 518.0), (3, 658.0, 468.2857142857143), (4, 582.5, 528.5), (5, 621.0, 555.7142857142857)]

H:[[ 2.92942832e+02 -1.57829938e+02  6.59524425e+02]
 [-1.30324390e+02 -9.84896203e+01  5.82886944e+02]
 [ 1.05608298e-01  1.05890459e-01  1.00000000e+00]]

R:[[ 0.67091665 -0.73981801 -0.05039991]
 [-0.6089475  -0.51089868 -0.60676641]
 [ 0.42314748  0.43778059 -0.79328076]]

t:[[-0.24295833]
 [-0.07351798]
 [ 3.7840933 ]]

P:[[ 1.12599795e+03 -5.74744834e+02 -6.46109038e+02  2.49561658e+03]
 [-4.82902438e+02 -3.54943868e+02 -1.21812552e+03  2.20610052e+03]
 [ 4.23147475e-01  4.37780592e-01 -7.93280762e-01  3.78409330e+00]]

