K:[[1.25358710e+03 0.00000000e+00 7.55699265e+02]
 [0.00000000e+00 1.24810662e+03 5.58188667e+02]
 [0.00000000e+00 0.00000000e+00 1.00000000e+00]]

dist:[[-2.26441283e-01  1.25966046e-01 -6.36188491e-05  9.46132907e-03
  -6.05674711e-02]]

img:data/exter_calibration/camera_2.jpg

markers:[(0, 807.0, 854.0), (1, 847.7272727272727, 889.0454545454545), (2, 890.4074074074074, 926.2592592592592), (3, 964.9090909090909, 866.0909090909091), (4, 882.5882352941177, 800.1176470588235), (5, 845.0, 827.0)]

H:[[ 1.23750948e+02  3.38315960e+02  8.06899130e+02]
 [ 8.60655488e+01 -4.25583892e+01  8.54189351e+02]
 [-1.28751223e-01  1.39430565e-01  1.00000000e+00]]

R:[[ 0.68205536  0.7272594   0.07677404]
 [ 0.48090944 -0.36695695 -0.79628431]
 [-0.55093248  0.58003135 -0.60003087]]

t:[[0.15932629]
 [0.92421686]
 [3.898195  ]]

P:[[ 4.38676529e+02  1.35001226e+03 -3.57199936e+02  3.14559247e+03]
 [ 2.92701982e+02 -1.34234480e+02 -1.32877815e+03  3.32944945e+03]
 [-5.50932481e-01  5.80031345e-01 -6.00030865e-01  3.89819500e+00]]

