K:[[1.20299640e+03 0.00000000e+00 7.84545654e+02]
 [0.00000000e+00 1.20101727e+03 6.33217941e+02]
 [0.00000000e+00 0.00000000e+00 1.00000000e+00]]

dist:[[-0.21534334  0.01678792  0.00491788  0.00419762  0.39765565]]

img:data/exter_calibration/camera_1.jpg

markers:[(0, 707.3846153846154, 835.3846153846154), (1, 660.0, 857.5), (2, 610.1176470588235, 880.4117647058823), (3, 673.5, 965.7777777777778), (4, 773.5, 914.2857142857143), (5, 738.6, 872.6)]

H:[[-3.54912408e+02  5.24105379e+01  7.07050506e+02]
 [ 1.52775865e+01  6.22545944e+01  8.35294944e+02]
 [-1.28897273e-01 -1.77271228e-01  1.00000000e+00]]

R:[[-0.79332012  0.59334738  0.13631607]
 [ 0.29531276  0.57084707 -0.76610965]
 [-0.53238478 -0.56751433 -0.62808752]]

t:[[-0.24185602]
 [ 0.63362377]
 [ 3.76691577]]

P:[[-1.37204141e+03  2.68553859e+02 -3.28775600e+02  2.66436548e+03]
 [ 1.75601350e+01  3.26236932e+02 -1.31782720e+03  3.14627174e+03]
 [-5.32384780e-01 -5.67514328e-01 -6.28087521e-01  3.76691577e+00]]

