K:[[1.23224304e+03 0.00000000e+00 8.13185050e+02]
 [0.00000000e+00 1.22614679e+03 5.86773128e+02]
 [0.00000000e+00 0.00000000e+00 1.00000000e+00]]

dist:[[-0.18561997 -0.04471017  0.0026636   0.01025475  0.43633839]]

img:data/exter_calibration/camera_4.jpg

markers:[(0, 734.5, 979.0), (1, 695.6153846153846, 941.3846153846154), (2, 658.1538461538462, 904.4615384615385), (3, 568.1764705882352, 954.8235294117648), (4, 644.4117647058823, 1036.8823529411766), (5, 692.0, 1006.6470588235294)]

H:[[-1.24074991e+02 -3.77624864e+02  7.34689759e+02]
 [-8.27080005e+01 -2.94529305e+01  9.78980940e+02]
 [ 1.42966440e-01 -1.87851116e-01  1.00000000e+00]]

R:[[-0.70785907 -0.66295659  0.24377059]
 [-0.50421954  0.23256336 -0.83167117]
 [ 0.49466978 -0.71161988 -0.49889775]]

t:[[-0.23348296]
 [ 1.17039194]
 [ 3.65923846]]

P:[[-4.69996346e+02 -1.39560229e+03 -1.05311584e+02  2.68793026e+03]
 [-3.27988242e+02 -1.32402608e+02 -1.31249073e+03  3.58221513e+03]
 [ 4.94669777e-01 -7.11619876e-01 -4.98897749e-01  3.65923846e+00]]

